Date	Open	High	Low	Close	Volume	Market Cap
7/15/18	0.029952	0.040815	0.029806	0.032459	12365	314195
7/14/18	0.042309	0.052407	0.028972	0.029966	6335	443824
7/13/18	0.037007	0.042418	0.033183	0.042316	2970	388199
7/12/18	0.042171	0.042171	0.034169	0.036956	5107	442375
7/11/18	0.045879	0.048543	0.040389	0.042176	3433	481265
7/10/18	0.049932	0.050071	0.040351	0.045877	5695	523790
7/9/18	0.04528	0.051007	0.041849	0.049968	20787	474983
7/8/18	0.045563	0.046142	0.042709	0.045289	5103	477959
7/7/18	0.048953	0.054813	0.042426	0.045563	1999	513513
7/6/18	0.04915	0.059849	0.042237	0.049008	4597	515581
7/5/18	0.052466	0.064133	0.038044	0.049165	3159	550366
7/4/18	0.042703	0.053542	0.040399	0.052327	10864	447958
7/3/18	0.045964	0.056773	0.042365	0.042711	6804	482159
7/2/18	0.039843	0.05219	0.039422	0.046488	11225	417952
7/1/18	0.046572	0.060416	0.037545	0.043209	3177	488543
6/30/18	0.04158	0.047195	0.03777	0.046543	6581	436177
6/29/18	0.043617	0.04737	0.035139	0.041527	9069	457547
6/28/18	0.037207	0.051498	0.037207	0.043596	3637	390301
6/27/18	0.03818	0.044676	0.036638	0.037187	4641	400507
6/26/18	0.039586	0.048011	0.035472	0.038196	23077	415255
6/25/18	0.043308	0.044134	0.03429	0.039586	12868	454300
6/24/18	0.059616	0.059788	0.036569	0.043406	7481	625376
6/23/18	0.054851	0.06486	0.041594	0.059631	4377	575390
6/22/18	0.046414	0.057506	0.045201	0.054833	10413	486886
6/21/18	0.059212	0.060474	0.045847	0.046458	7515	621135
6/20/18	0.052461	0.059613	0.046109	0.059217	12314	550311
6/19/18	0.050386	0.05821	0.0484	0.052428	23709	528549
6/18/18	0.05966	0.066924	0.049578	0.050413	5364	625832
6/17/18	0.051251	0.060473	0.048004	0.059784	11326	537626
6/16/18	0.051243	0.0541	0.04885	0.051126	9928	537536
6/15/18	0.057998	0.058066	0.047497	0.051427	23661	608394
6/14/18	0.050402	0.058147	0.050301	0.058088	10833	528716
6/13/18	0.057848	0.057848	0.048334	0.050419	10056	606821
6/12/18	0.059446	0.059885	0.05482	0.057694	14300	623592
6/11/18	0.058353	0.059789	0.055275	0.059475	15377	612124
6/10/18	0.061745	0.064751	0.055543	0.058268	6417	647700
6/9/18	0.073828	0.074635	0.061664	0.061664	11366	774456
6/8/18	0.068825	0.077865	0.064467	0.073848	10557	721973
6/7/18	0.075329	0.076539	0.064788	0.068767	13725	790204
6/6/18	0.069575	0.077469	0.065127	0.075277	33680	729845
6/5/18	0.066248	0.07542	0.066004	0.069601	20442	694940
6/4/18	0.065776	0.076388	0.061544	0.066216	47838	689992
6/3/18	0.072051	0.076604	0.062261	0.062365	17970	755816
6/2/18	0.068188	0.07708	0.062247	0.072033	22124	715290
6/1/18	0.062481	0.068859	0.055317	0.068217	24409	655426
5/31/18	0.063007	0.067391	0.057477	0.062449	43572	660944
5/30/18	0.064648	0.067651	0.055505	0.062066	30606	678158
5/29/18	0.06492	0.069081	0.060366	0.064613	29103	681015
5/28/18	0.065973	0.068571	0.061458	0.06494	26301	692058
5/27/18	0.069497	0.069713	0.06591	0.065958	7183	729025
5/26/18	0.067318	0.07595	0.066561	0.069471	38547	706165
5/25/18	0.068625	0.070965	0.065581	0.067406	20682	719874
5/24/18	0.075195	0.076987	0.064903	0.068496	46181	788799
5/23/18	0.083055	0.083141	0.073517	0.075386	37458	871248
5/22/18	0.088382	0.08864	0.083061	0.083143	30256	927125
5/21/18	0.090301	0.093026	0.088398	0.088398	24600	947254
5/20/18	0.085593	0.092915	0.085313	0.090193	45439	897865
5/19/18	0.086338	0.08872	0.079364	0.085529	48644	905690
5/18/18	0.083974	0.087877	0.078508	0.086352	42431	880887
5/17/18	0.097866	0.098565	0.081858	0.083908	55256	1026620
5/16/18	0.102077	0.10816	0.077733	0.097801	144148	1070780
5/15/18	0.06825	0.114972	0.066315	0.101928	164529	715941
5/14/18	0.077135	0.077298	0.065991	0.068367	47899	809142
5/13/18	0.076753	0.07956	0.074472	0.077149	38733	805142
5/12/18	0.082461	0.086186	0.071747	0.076771	95475	865011
5/11/18	0.090965	0.09121	0.082197	0.082703	51205	954224
5/10/18	0.097108	0.09906	0.090769	0.090856	73894	1018660
5/9/18	0.097656	0.099805	0.093859	0.097135	60036	1024410
5/8/18	0.098883	0.102374	0.094688	0.097804	81088	1037280
5/7/18	0.110658	0.110712	0.094345	0.098675	63396	1160800
5/6/18	0.115334	0.117646	0.106426	0.110585	61494	1209850
5/5/18	0.11391	0.121106	0.110899	0.11526	90154	1194920
5/4/18	0.132962	0.132962	0.10825	0.113962	139989	1394780
5/3/18	0.134016	0.135203	0.124702	0.133013	64915	1405830
5/2/18	0.123155	0.141925	0.122273	0.134011	103593	1291900
5/1/18	0.125829	0.127443	0.117033	0.123341	73019	1319950
4/30/18	0.128208	0.134104	0.123628	0.125722	64728	1344900
4/29/18	0.121971	0.131865	0.120579	0.128249	84564	1279470
4/28/18	0.129136	0.133329	0.121832	0.122019	91859	1354640
4/27/18	0.136539	0.142052	0.124598	0.12958	119112	1432300
4/26/18	0.133747	0.139688	0.123046	0.136354	121813	1403000
4/25/18	0.154055	0.160082	0.119889	0.132658	191366	1616040
4/24/18	0.150928	0.161496	0.15086	0.155108	177375	1583230
4/23/18	0.149466	0.158826	0.146637	0.150799	129259	1567900
4/22/18	0.157849	0.163116	0.149582	0.149766	101172	1655830
4/21/18	0.160955	0.164316	0.14927	0.157842	146015	1688420
4/20/18	0.127736	0.176886	0.096483	0.160893	569239	1339960
4/19/18	0.163586	0.164802	0.110993	0.124608	322636	1716020
4/18/18	0.161351	0.168161	0.153441	0.163465	144374	1692570
4/17/18	0.16522	0.169316	0.15903	0.161202	135870	1733160
4/16/18	0.171384	0.175103	0.153892	0.165136	135391	1797820
4/15/18	0.16136	0.182937	0.159261	0.171456	245603	1692670
4/14/18	0.172001	0.192681	0.146914	0.161189	307563	1804290
4/13/18	0.18595	0.204538	0.171822	0.171988	308037	1950620
4/12/18	0.172235	0.194215	0.160633	0.185719	390038	1806750
4/11/18	0.19952	0.205567	0.145807	0.172307	534977	2092960
4/10/18	0.194029	0.212334	0.190758	0.199331	320994	2035360
4/9/18	0.201674	0.282566	0.160125	0.193871	1534560	2115560
4/8/18	0.116495	0.254067	0.116495	0.201352	1466950	1222030
4/7/18	0.103221	0.124111	0.099186	0.116356	572624	1082780
4/6/18	0.068604	0.135898	0.064161	0.105923	926443	719656
4/5/18	0.071195	0.078987	0.041905	0.068953	767942	746838
4/4/18	0.200729	0.241286	0.068789	0.071167	858477	2105650
4/3/18	0.240013	0.252498	0.187245	0.200865	361139	2517740
4/2/18	0.279358	0.297591	0.212679	0.244823	355778	2930460
4/1/18	0.291776	0.296841	0.254819	0.277991	273607	3060730
3/31/18	0.275283	0.313125	0.275283	0.291786	206866	2887720
3/30/18	0.282537	0.332467	0.259747	0.275244	330253	2963820
3/29/18	0.263843	0.290731	0.243999	0.283237	237413	2767710
3/28/18	0.319671	0.32568	0.213404	0.263534	405693	3353350
3/27/18	0.340324	0.346382	0.319336	0.319744	209060	3570000
3/26/18	0.359509	0.37591	0.325748	0.340838	170848	3771250
3/25/18	0.354367	0.387021	0.354315	0.359783	214955	3717310
3/24/18	0.386857	0.411404	0.359199	0.359287	197937	4058130
3/23/18	0.386566	0.396318	0.351268	0.381331	254400	4055070
3/22/18	0.419553	0.436044	0.380407	0.386575	214245	4401110
3/21/18	0.424216	0.446182	0.406797	0.420308	262415	4450020
3/20/18	0.411874	0.428675	0.391963	0.423446	170896	4320560
3/19/18	0.411633	0.42824	0.374838	0.412605	263730	4318030
3/18/18	0.386009	0.414405	0.339444	0.41336	202029	4049240
3/17/18	0.406031	0.41839	0.381837	0.386947	204546	4259270
3/16/18	0.409107	0.421188	0.385508	0.40537	180448	4291530
3/15/18	0.406982	0.424985	0.379239	0.409339	391258	4269250
3/14/18	0.456621	0.466953	0.396652	0.407162	210330	4789950
3/13/18	0.448967	0.46861	0.440476	0.456561	137696	4709670
3/12/18	0.475691	0.494855	0.44014	0.451458	167738	4989990
3/11/18	0.442879	0.489599	0.428299	0.477183	194870	4645800
3/10/18	0.470581	0.48287	0.438565	0.444368	150230	4936390
3/9/18	0.464016	0.472781	0.414358	0.47029	204113	4867530
3/8/18	0.499688	0.527196	0.451556	0.46696	224062	5241720
3/7/18	0.555592	0.572777	0.477632	0.497068	334746	5828160
3/6/18	0.600144	0.600144	0.545928	0.556312	235976	6295510
3/5/18	0.600707	0.617385	0.587887	0.601797	322569	6301410
3/4/18	0.588645	0.601135	0.567094	0.601135	192911	6174880
3/3/18	0.562283	0.602571	0.562031	0.589652	264538	5898350
3/2/18	0.548175	0.571888	0.546795	0.562966	217863	5750360
3/1/18	0.531006	0.55994	0.517502	0.549572	163939	5570250
2/28/18	0.541292	0.55575	0.497948	0.530242	246750	5678150
2/27/18	0.525548	0.559219	0.514266	0.541925	319615	5513000
2/26/18	0.482248	0.533614	0.478562	0.524063	150867	5058780
2/25/18	0.495377	0.509962	0.472359	0.481654	255470	5196500
2/24/18	0.520403	0.543515	0.48421	0.496112	147337	5459030
2/23/18	0.502914	0.542237	0.456474	0.521058	306277	5275570
2/22/18	0.540938	0.566704	0.49944	0.503384	248240	5674440
2/21/18	0.579865	0.602945	0.532229	0.541479	294624	6082790
2/20/18	0.613115	0.637114	0.551557	0.580582	483225	6431580
2/19/18	0.60955	0.648311	0.598677	0.61256	302943	6394180
2/18/18	0.654547	0.667108	0.591344	0.612303	235929	6866200
2/17/18	0.635404	0.688493	0.623191	0.652565	350701	6665390
2/16/18	0.582807	0.639824	0.548363	0.635544	260851	6113640
2/15/18	0.541128	0.595517	0.533811	0.585235	230252	5676440
2/14/18	0.504425	0.552327	0.50162	0.540846	107591	5291420
2/13/18	0.501881	0.527653	0.469425	0.512897	133262	5264730
2/12/18	0.472767	0.521997	0.472767	0.509515	107135	4959330
2/11/18	0.506772	0.506772	0.444491	0.469707	227594	5316030
2/10/18	0.494438	0.558942	0.487833	0.508871	209449	5186650
2/9/18	0.46658	0.538612	0.422364	0.494084	323204	4894420
2/8/18	0.420944	0.551223	0.411182	0.465175	569609	4415700
2/7/18	0.4845	0.526761	0.410229	0.422607	180375	5082410
2/6/18	0.442002	0.536744	0.340312	0.489368	1023130	4636600
2/5/18	0.468934	0.529021	0.415163	0.441443	462753	4919120
2/4/18	0.551156	0.576097	0.456678	0.473489	204112	5781630
2/3/18	0.49501	0.844438	0.402453	0.55087	603342	5192660
2/2/18	0.401308	0.548534	0.347546	0.493351	447822	4209720
2/1/18	0.475193	0.489809	0.396744	0.404997	84642	4984780
1/31/18	0.450622	0.505499	0.425742	0.474116	125800	4727020
1/30/18	0.536658	0.560167	0.431413	0.449915	162639	5629550
1/29/18	0.587635	0.595163	0.516916	0.547679	228906	6164290
1/28/18	0.606067	0.639368	0.570794	0.588192	171239	6357640
1/27/18	0.597111	0.630899	0.580914	0.603053	105505	6263700
1/26/18	0.632961	0.679815	0.571413	0.602019	140889	6639760
1/25/18	0.611182	0.679117	0.601056	0.636529	229390	6411300
1/24/18	0.608502	0.614197	0.557756	0.608937	234791	6383190
1/23/18	0.629811	0.649976	0.576393	0.608903	231004	6606710
1/22/18	0.67367	0.717608	0.597744	0.631505	214405	7066800
1/21/18	0.824356	0.824356	0.618362	0.665005	581163	8647500
1/20/18	0.605258	0.887796	0.554019	0.822463	1132970	6349150
1/19/18	0.451227	0.668749	0.443962	0.592482	205206	4733380
1/18/18	0.504519	0.520454	0.439236	0.455871	183811	5292400
1/17/18	0.481274	0.511849	0.391723	0.50271	74102	5048560
1/16/18	0.63731	0.639869	0.428225	0.483712	203617	6685380
1/15/18	0.664977	0.67901	0.632616	0.636546	66513	6975600
1/14/18	0.680831	0.694382	0.609413	0.669751	161480	7141920
1/13/18	0.604353	0.731852	0.604353	0.680388	351683	6339660
1/12/18	0.56956	0.623889	0.553877	0.605046	145891	5974680
1/11/18	0.62602	0.634892	0.551339	0.560209	70933	6566950
1/10/18	0.6314	0.634441	0.56332	0.626566	129820	6623390
1/9/18	0.633373	0.668205	0.600866	0.63062	101806	6644080
1/8/18	0.697987	0.697987	0.594255	0.625173	170608	7321880
1/7/18	0.70021	0.727416	0.656898	0.692052	117922	7345200
1/6/18	0.712644	0.720289	0.646799	0.700729	202849	7475630
1/5/18	0.631989	0.725074	0.62643	0.712195	130102	6629570
1/4/18	0.688047	0.714598	0.607831	0.631863	182953	7217620
1/3/18	0.631483	0.896831	0.607583	0.684334	180815	6624260
1/2/18	0.576237	0.639115	0.547427	0.633506	152634	6044720
1/1/18	0.596213	0.61696	0.545271	0.576237	112412	6254280
12/31/17	0.545625	0.60505	0.537319	0.594208	71414	5723610
12/30/17	0.595899	0.614154	0.527123	0.551351	110508	6250980
12/29/17	0.59566	0.636497	0.588758	0.597306	113509	6248470
12/28/17	0.657243	0.660913	0.561556	0.589884	118629	6894480
12/27/17	0.691242	0.729317	0.626086	0.658573	143407	7251130
12/26/17	0.618224	0.723041	0.618224	0.690726	171734	6485170
12/25/17	0.775147	0.794355	0.607599	0.615581	173221	8131290
12/24/17	0.797194	0.797194	0.69245	0.767685	750016	8362560
12/23/17	0.75858	0.855441	0.750583	0.788923	786522	7957510
12/22/17	0.855526	0.864114	0.634746	0.75187	740317	8974460
12/21/17	0.904317	0.952061	0.828827	0.852692	856824	9486290
12/20/17	0.965789	0.972219	0.867029	0.902062	873537	10131100
12/19/17	0.893827	1.04	0.776551	0.9667	941441	9376240
12/18/17	1.03	1.03	0.839061	0.893127	1360340	10795300
12/17/17	1.19	1.22	0.984859	1.01	1745670	12466700
12/16/17	1.18	1.27	1.17	1.18	637347	12409700
12/15/17	1.15	1.22	1.14	1.18	614982	12036300
12/14/17	1.04	1.29	1.02	1.15	1551720	10925900
12/13/17	1.44	1.46	1.02	1.04	823396	15121100
12/12/17	1.41	1.48	1.38	1.44	826370	14806300
12/11/17	1.27	1.46	1.22	1.41	798241	13296600
12/10/17	1.13	1.33	1.01	1.29	660036	43464600
12/9/17	1.27	1.29	1.03	1.13	430274	48562200
12/8/17	1.41	1.53	1.12	1.27	1621570	54172300
12/7/17	1.39	1.5	1.31	1.44	2528800	53374300
12/6/17	1.37	1.44	1.23	1.4	1806440	52368700
12/5/17	1.23	1.41	1.2	1.37	1612280	47293300
12/4/17	0.932117	1.38	0.922743	1.23	4522140	35696000
12/3/17	0.805254	0.97207	0.78161	0.931499	1487170	30837700
12/2/17	0.778193	0.846176	0.702952	0.8045	1368940	29801400
12/1/17	0.546874	0.954695	0.528098	0.777572	2662280	20942900
11/30/17	0.510807	0.58038	0.498441	0.549536	818008	19561700
11/29/17	0.494377	0.585851	0.442051	0.503148	711861	18932500
11/28/17	0.544768	0.544768	0.445276	0.494861	721514	20862200
11/27/17	0.381716	0.570731	0.376628	0.541163	1424400	14618100
11/26/17	0.328483	0.502399	0.311819	0.382976	758183	12579500
11/25/17	0.362651	0.378855	0.311584	0.331114	607205	13887900
11/24/17	0.364187	0.370933	0.351576	0.363358	167246	13946800
11/23/17	0.361445	0.371394	0.357266	0.364773	161287	13841700
11/22/17	0.358003	0.40044	0.327685	0.361502	175993	13709900
11/21/17	0.383825	0.401398	0.345368	0.357159	216414	14698800
11/20/17	0.429686	0.472764	0.3629	0.383763	752238	16455100
11/19/17	0.528648	0.542826	0.270313	0.373078	1255490	20244900
11/18/17	0.476782	0.538648	0.45888	0.529617	611216	18258700
11/17/17	0.58746	0.609324	0.443288	0.483606	897679	22497100
11/16/17	0.488078	1.03	0.461647	0.588252	2674980	18691300
11/15/17	0.254115	0.528826	0.250629	0.486011	1762360	9731490
11/14/17	0.195388	0.315261	0.167768	0.247135	1068950	7482530
11/13/17	0.331098	0.375707	0.182927	0.183791	1233080	12679600
11/12/17	0.466931	0.475785	0.319586	0.330629	669664	17881400
11/11/17	0.730512	0.740216	0.393784	0.458892	1161340	27975400
11/10/17	1.12	1.12	0.402717	0.697662	1889840	42986000
11/9/17	1.5	1.55	0.670849	1.12	2643230	57572800
11/8/17	1.37	1.94	1.37	1.52	1732550	52524200
11/7/17	1.28	1.49	1.24	1.37	1057010	49184900
11/6/17	1.39	1.5	1.22	1.29	1276510	53200400
11/5/17	1.55	1.55	1.38	1.39	726664	59423700
11/4/17	1.53	1.65	1.48	1.55	745549	58765600
11/3/17	1.66	1.7	1.34	1.54	1176340	63546100
11/2/17	1.78	1.8	1.62	1.66	933702	68223300
11/1/17	1.79	1.82	1.46	1.78	1460060	68365000
10/31/17	1.8	1.88	1.61	1.79	1192350	68786600
10/30/17	1.91	1.92	1.75	1.8	954158	73097100
10/29/17	1.89	2.14	1.77	1.92	6814360	72406400
10/28/17	1.9	2.05	1.78	1.89	711114	72892100
10/27/17	1.96	2.03	1.85	1.9	750387	74870200
10/26/17	2.16	2.16	1.87	1.96	1031010	82584900
10/25/17	1.71	2.21	1.63	2.16	1686010	65316200
10/24/17	1.84	1.85	1.49	1.7	793858	70525400
10/23/17	1.89	1.97	1.76	1.85	604452	72556000
10/22/17	1.95	1.99	1.8	1.89	432199	74846000
10/21/17	2.24	2.25	1.95	1.95	885172	85768200
10/20/17	2.23	2.29	2.08	2.24	650399	85433600
10/19/17	2.18	2.29	2.09	2.23	483628	83630500
10/18/17	2.24	2.24	2.05	2.18	485690	85825900
10/17/17	2.39	2.4	2.18	2.24	476540	91696600
10/16/17	2.31	2.41	2.24	2.39	634964	88634400
10/15/17	2.37	2.38	2.18	2.31	382880	90788200
10/14/17	2.73	2.76	2.24	2.37	604596	104713000
10/13/17	2.64	2.84	2.62	2.73	725961	101097000
10/12/17	2.35	2.63	2.35	2.63	718083	90027000
10/11/17	2.39	2.48	2.3	2.35	680180	91398800
10/10/17	2.39	2.52	2.06	2.39	1587750	91685700
10/9/17	2.64	2.65	2.27	2.44	1486090	101188000
10/8/17	2.74	2.79	2.45	2.64	1513230	105073000
10/7/17	2.68	2.77	2.67	2.76	664024	102538000
10/6/17	2.7	2.78	2.66	2.68	1216100	103426000
10/5/17	2.61	2.78	2.53	2.7	1503660	99849700
10/4/17	2.63	2.78	2.55	2.61	1415490	100717000
10/3/17	2.53	2.71	2.48	2.62	885266	96827600
10/2/17	2.57	2.62	2.5	2.56	778792	98454400
10/1/17	2.47	2.72	2.4	2.57	1125720	94681600
9/30/17	2.55	2.63	2.23	2.47	1709170	97823500
9/29/17	2.72	2.72	2.55	2.55	1063630	104091000
9/28/17	2.83	2.83	2.58	2.72	1910650	108415000
9/27/17	2.68	2.85	2.63	2.82	2132380	102692000
9/26/17	2.79	2.86	2.51	2.69	1745120	106941000
9/25/17	3.13	3.29	2.31	2.84	3626430	119703000
9/24/17	2.85	3.23	2.48	3.14	4828370	109251000
9/23/17	1.96	2.81	1.95	2.81	3952970	-
9/22/17	1.53	1.99	1.51	1.97	1870950	-
9/21/17	1.62	1.84	1.51	1.54	1230100	-
9/20/17	1.5	1.66	1.48	1.63	564076	-
9/19/17	1.46	1.66	1.2	1.51	998167	-
9/18/17	1.37	1.49	1.36	1.45	519428	-
9/17/17	1.37	1.4	1.25	1.37	316058	-
9/16/17	1.34	1.42	1.29	1.37	288598	-
9/15/17	1.19	1.41	1.11	1.34	629075	-
9/14/17	1.52	1.57	1.18	1.18	686347	-
9/13/17	1.71	1.71	1.5	1.52	339304	158028000
9/12/17	1.73	1.81	1.67	1.71	499755	160011000
9/11/17	1.8	1.89	1.68	1.73	481562	166950000
9/10/17	1.87	1.9	1.55	1.8	762646	172852000
9/9/17	1.91	1.92	1.54	1.87	1030310	176759000
9/8/17	1.99	2.31	1.78	1.91	1047210	183774000
9/7/17	2.59	2.65	1.88	2.07	1716700	239404000
9/6/17	2.7	2.86	2.46	2.59	972208	249560000
9/5/17	2.75	2.77	2.36	2.69	862989	254745000
9/4/17	2.86	3.17	2.52	2.74	1077010	263442000
9/3/17	3.07	3.93	2.62	2.87	2654650	279208000
9/2/17	1.78	5.76	1.66	3.07	2729970	159915000
9/1/17	1.54	1.78	1.47	1.78	968478	136494000
8/31/17	1.71	1.71	1.45	1.54	708685	150313000
8/30/17	1.57	1.72	1.54	1.71	68161	136629000
8/29/17	1.68	1.68	1.53	1.58	503279	143748000
8/28/17	1.66	1.68	1.55	1.67	398506	140260000
8/27/17	1.58	1.69	1.53	1.65	464745	131921000
8/26/17	1.66	1.67	1.46	1.58	504803	137191000
8/25/17	1.82	1.84	1.49	1.66	726082	148824000
8/24/17	1.93	1.94	1.7	1.83	677312	154482000
8/23/17	1.92	2.07	1.8	1.92	528325	152240000
8/22/17	2	2	1.7	1.93	351339	156622000
8/21/17	2.22	2.25	1.7	2	637503	171084000
8/20/17	2.26	2.29	2.16	2.23	322807	172273000
8/19/17	2.15	2.28	2.11	2.27	649077	161171000
8/18/17	2.22	2.29	2.09	2.15	678009	163667000
8/17/17	2.26	2.31	2.16	2.23	348738	164511000
8/16/17	2.12	2.26	1.99	2.26	386209	152016000
8/15/17	2.04	2.21	1.96	2.11	508678	144146000
8/14/17	1.99	2.07	1.88	2.03	294516	138809000
8/13/17	1.98	2.07	1.67	1.92	494946	135702000
8/12/17	1.95	2.11	1.87	1.98	418787	130734000
8/11/17	1.72	1.97	1.71	1.95	373145	110995000
8/10/17	1.82	1.92	1.67	1.72	357104	115405000
8/9/17	1.78	1.94	1.61	1.85	340820	110454000
8/8/17	2.21	2.23	1.43	1.78	519836	133830000
8/7/17	1.96	2.31	1.8	2.2	482143	116544000
8/6/17	2.5	2.52	1.96	1.96	314435	145725000
8/5/17	2.28	2.59	2.16	2.48	669175	130132000
8/4/17	2.18	2.29	2.14	2.28	558921	122208000
8/3/17	1.95	2.24	1.92	2.18	510823	107239000
8/2/17	2.05	2.11	1.92	1.95	389759	110704000
8/1/17	2.2	2.22	2.03	2.05	371574	116718000
7/31/17	2.2	2.26	1.98	2.2	453594	114326000
7/30/17	2.19	2.27	1.9	2.2	575788	111574000
7/29/17	2.27	2.27	2.1	2.19	473424	113105000
7/28/17	2.22	2.42	2.1	2.27	643734	108369000
7/27/17	2.02	2.31	1.98	2.21	561528	96464300
7/26/17	2.06	2.13	1.8	2.01	468209	96591600
7/25/17	2.28	2.34	1.91	2.06	445736	104280000
7/24/17	2.48	2.51	2.16	2.28	555522	110829000
7/23/17	2.42	3.28	2.24	2.48	893740	105672000
7/22/17	2.41	2.63	2.32	2.42	620166	102899000
7/21/17	2.24	2.88	2.11	2.41	980037	93568500
7/20/17	2.73	3.14	2.04	2.23	817305	111154000
7/19/17	2.64	3.4	2.58	2.74	703589	104721000
7/18/17	2.67	2.75	2.42	2.63	611525	103353000
7/17/17	2.18	2.67	2.18	2.66	528488	82072100
7/16/17	3.19	3.23	2.11	2.18	583738	117180000
7/15/17	3.4	3.44	3.06	3.2	463058	121327000
7/14/17	3.71	3.73	3.2	3.41	667620	128581000
7/13/17	3.69	11.59	2.68	3.71	659860	124143000
7/12/17	3.74	3.9	3.37	3.68	1299550	122138000
7/11/17	3.83	4.22	3.59	3.76	992678	121220000
7/10/17	4.21	4.22	3.68	3.84	756681	129101000
7/9/17	4.08	4.36	3.84	4.2	841192	120807000
7/8/17	4.48	4.56	3.88	4.07	1195130	128406000
7/7/17	4.68	4.77	4.44	4.48	944276	129253000
7/6/17	5.07	5.16	4.48	4.68	1806590	134891000
7/5/17	5.3	5.33	4.89	5.07	2218870	111647000
7/4/17	4.82	5.35	4.82	5.31	2022450	100482000
7/3/17	4.73	4.91	4.7	4.83	293238	97732500
7/2/17	4.58	4.77	4.51	4.75	287913	93574700
7/1/17	4.9	5.09	4.4	4.58	283637	99298600
6/30/17	4.44	4.91	4.03	4.91	129021	88978800
6/29/17	4.85	4.97	4.43	4.43	75687	94854600
6/28/17	4.79	4.92	4.38	4.85	62812	88854300
6/27/17	4.71	4.76	4.22	4.76	101195	82178400
6/26/17	4.73	4.9	4.49	4.6	137495	78280000
6/25/17	5.01	5.01	4.47	4.74	132201	77778200
6/24/17	5.23	5.45	4.4	5.02	121115	75924300
6/23/17	4.87	5.45	4.84	5.23	155795	65780000
6/22/17	4.91	4.97	4.11	4.87	162808	61350300
6/21/17	4.88	5.24	3.97	4.91	150548	56040800
6/20/17	4.73	5.96	3.73	4.88	749091	49598200
6/19/17	4.87	4.87	3.7	4.73	143720	46124800
6/18/17	4.56	4.94	3.83	4.87	59625	38620000
6/17/17	4.46	4.77	3.75	4.56	133532	33286400
6/16/17	4.12	4.46	3.85	4.46	107977	26572600
6/15/17	3.86	4.24	3.51	4.12	172906	20993400
6/14/17	5.36	6.32	3.51	3.86	411420	25523000
6/13/17	5.45	5.55	4.88	5.36	155967	25751100
6/12/17	6.64	7.15	4.15	5.47	484846	30861300
6/11/17	7.31	7.38	6.57	6.65	151134	33719000
6/10/17	6.08	7.5	6.08	7.31	304322	27726300
6/9/17	7.12	7.54	6.06	6.07	159196	32294900
6/8/17	7	7.47	6.31	7.26	473267	31534400
6/7/17	7.63	7.67	6.87	7.06	87020	33882100
6/6/17	7.29	7.88	6.97	7.62	92041	31692100
6/5/17	6.5	7.27	6.36	7.26	115173	28292500
6/4/17	6.86	7.16	6.35	6.5	61978	29843700
6/3/17	6.55	7.03	6.48	6.88	75256	65508
6/2/17	6.13	6.65	6.13	6.55	109819	61316
6/1/17	5.94	6.84	5.85	6.13	236132	-
5/31/17	6.57	7.8	5.67	5.94	4641	-
5/30/17	6.76	6.81	5.62	6.54	3797	-