Date	Open	High	Low	Close	Volume	Market Cap
7/15/18	0.065694	0.068271	0.065199	0.067141	7315170	227990000
7/14/18	0.065824	0.066693	0.064638	0.065693	6556010	228441000
7/13/18	0.06554	0.066745	0.064875	0.065866	8609010	227457000
7/12/18	0.069278	0.069278	0.063313	0.065055	9427140	240427000
7/11/18	0.06684	0.071372	0.064744	0.069454	15008500	231967000
7/10/18	0.075215	0.075215	0.066673	0.06678	11227500	261031000
7/9/18	0.080353	0.080353	0.075401	0.075401	9781100	278862000
7/8/18	0.081957	0.082781	0.079982	0.080461	9018920	284432000
7/7/18	0.085805	0.085805	0.077511	0.081896	11221600	297785000
7/6/18	0.085646	0.088387	0.079214	0.086112	26501700	297234000
7/5/18	0.081537	0.090517	0.080255	0.085833	33658500	282974000
7/4/18	0.076321	0.083681	0.076321	0.081136	33168200	264870000
7/3/18	0.07048	0.077701	0.069796	0.077701	22342700	244599000
7/2/18	0.06594	0.076745	0.064937	0.070764	14404800	228843000
7/1/18	0.067137	0.077719	0.062952	0.077173	26430900	232999000
6/30/18	0.05754	0.077851	0.05754	0.067237	32247200	199693000
6/29/18	0.051858	0.066142	0.051439	0.057566	6530340	179972000
6/28/18	0.05622	0.056752	0.051396	0.051894	5735020	195111000
6/27/18	0.053983	0.057949	0.053339	0.056179	6504680	187346000
6/26/18	0.057483	0.057573	0.05406	0.05406	4928710	199495000
6/25/18	0.056297	0.05856	0.055234	0.057479	6000740	195377000
6/24/18	0.060952	0.060952	0.05153	0.056403	8460600	211532000
6/23/18	0.062209	0.063667	0.059703	0.060825	7327470	215896000
6/22/18	0.071918	0.071994	0.061336	0.062167	7858000	249591000
6/21/18	0.073709	0.074212	0.07134	0.07197	6777780	255807000
6/20/18	0.075946	0.076001	0.071494	0.073837	9794990	263569000
6/19/18	0.075541	0.076715	0.073959	0.075753	11134200	262165000
6/18/18	0.073765	0.076326	0.072292	0.075567	10121500	256000000
6/17/18	0.075968	0.076456	0.073882	0.073976	9197120	263644000
6/16/18	0.075474	0.076325	0.073931	0.075757	9873300	261932000
6/15/18	0.079749	0.079749	0.075285	0.075614	13841000	276769000
6/14/18	0.073437	0.083561	0.073437	0.079743	33096800	254861000
6/13/18	0.07721	0.077664	0.070244	0.073251	17724500	267955000
6/12/18	0.081804	0.082492	0.076231	0.077055	19396000	283901000
6/11/18	0.081108	0.083302	0.078116	0.082005	18698200	281484000
6/10/18	0.092369	0.092369	0.079119	0.081095	16434700	320565000
6/9/18	0.094012	0.095344	0.092407	0.092407	14326600	326268000
6/8/18	0.095862	0.096041	0.09335	0.094014	17110900	332689000
6/7/18	0.096166	0.099209	0.095423	0.095762	15266600	333742000
6/6/18	0.098329	0.098763	0.094189	0.096062	20280400	341249000
6/5/18	0.096512	0.098678	0.092157	0.098099	22694500	334943000
6/4/18	0.103369	0.104256	0.095012	0.096499	22554400	358741000
6/3/18	0.103734	0.106147	0.102495	0.103206	21577200	360006000
6/2/18	0.100191	0.104172	0.099749	0.103724	23455100	347711000
6/1/18	0.100991	0.102383	0.097537	0.100293	21014400	350488000
5/31/18	0.096277	0.103836	0.095793	0.100936	23164300	334128000
5/30/18	0.09574	0.100208	0.094097	0.096238	24203600	332265000
5/29/18	0.088077	0.096839	0.088077	0.095558	19265000	305670000
5/28/18	0.093523	0.095218	0.088067	0.088238	14121600	324569000
5/27/18	0.094395	0.095679	0.092915	0.093457	11293400	327598000
5/26/18	0.094509	0.097864	0.093425	0.094429	12781400	327992000
5/25/18	0.098591	0.098814	0.093029	0.094667	18393400	342159000
5/24/18	0.095068	0.098824	0.090835	0.098278	28566500	329933000
5/23/18	0.106105	0.106524	0.09293	0.09525	32184800	368236000
5/22/18	0.11555	0.115603	0.105785	0.106293	25676600	401013000
5/21/18	0.118234	0.119911	0.114539	0.115749	35027400	410328000
5/20/18	0.114488	0.12081	0.113426	0.117948	30077000	397328000
5/19/18	0.114311	0.117147	0.112003	0.114427	30937100	396715000
5/18/18	0.113268	0.114906	0.110298	0.114732	27366600	393094000
5/17/18	0.117509	0.121148	0.112558	0.11314	33122500	407812000
5/16/18	0.119754	0.12072	0.113321	0.117029	35949400	415605000
5/15/18	0.127661	0.129818	0.118948	0.119862	35601900	443047000
5/14/18	0.132312	0.132312	0.121302	0.12897	35848900	459188000
5/13/18	0.125424	0.134533	0.122398	0.131897	30728900	435281000
5/12/18	0.124259	0.129555	0.114042	0.124652	41984600	431239000
5/11/18	0.143108	0.144676	0.119438	0.124596	54182900	496653000
5/10/18	0.154057	0.15958	0.143237	0.143237	38331700	534651000
5/9/18	0.158698	0.15886	0.147785	0.154009	37500200	550759000
5/8/18	0.156869	0.161973	0.152781	0.158792	46992000	544412000
5/7/18	0.164802	0.165064	0.152004	0.156573	37287300	571944000
5/6/18	0.176191	0.176191	0.159897	0.164732	49216500	611469000
5/5/18	0.168579	0.177537	0.16846	0.175958	57210000	585052000
5/4/18	0.166797	0.173523	0.162244	0.168305	53840200	578865000
5/3/18	0.162494	0.177775	0.159334	0.167487	69083100	563934000
5/2/18	0.157042	0.163349	0.155296	0.16248	36960500	545012000
5/1/18	0.157871	0.16003	0.148124	0.157655	53708600	547890000
4/30/18	0.172984	0.172984	0.157233	0.158083	47581900	600338000
4/29/18	0.160506	0.184934	0.158982	0.172803	142722000	557032000
4/28/18	0.139307	0.162356	0.139256	0.16033	77434100	483462000
4/27/18	0.145597	0.14666	0.139817	0.139817	46006200	505292000
4/26/18	0.135443	0.146149	0.129324	0.146129	64894800	470052000
4/25/18	0.160717	0.160717	0.132561	0.134944	80012200	557765000
4/24/18	0.150729	0.162992	0.150632	0.161205	97652700	523101000
4/23/18	0.149944	0.151878	0.149278	0.15124	40686200	520379000
4/22/18	0.152545	0.155887	0.146567	0.15024	59283700	529405000
4/21/18	0.152493	0.160481	0.1416	0.154988	111787000	529226000
4/20/18	0.138038	0.151835	0.135763	0.151447	94652400	479060000
4/19/18	0.131706	0.138316	0.130962	0.138316	57284200	457083000
4/18/18	0.120098	0.131287	0.120098	0.131241	57154700	416797000
4/17/18	0.11836	0.125355	0.116272	0.120323	49709900	410768000
4/16/18	0.12173	0.122987	0.113519	0.118375	43065200	422462000
4/15/18	0.111452	0.122936	0.111452	0.122095	43954800	386793000
4/14/18	0.110901	0.115863	0.108741	0.110881	34108900	384881000
4/13/18	0.1075	0.123475	0.104554	0.112027	85815800	373075000
4/12/18	0.094106	0.107918	0.091039	0.107553	68905100	326593000
4/11/18	0.089451	0.09447	0.089423	0.094306	28496200	310436000
4/10/18	0.088104	0.09006	0.086194	0.089237	19453900	305763000
4/9/18	0.090478	0.095241	0.086435	0.088212	26509000	314004000
4/8/18	0.089498	0.092227	0.089088	0.090614	22013100	310603000
4/7/18	0.089598	0.090938	0.087444	0.089735	22435700	310948000
4/6/18	0.088129	0.092122	0.086327	0.089802	41355400	305851000
4/5/18	0.095788	0.095788	0.086097	0.08833	34478800	332430000
4/4/18	0.105814	0.107317	0.093589	0.095638	40694400	367226000
4/3/18	0.093008	0.115972	0.093008	0.107983	153108000	322784000
4/2/18	0.084435	0.101329	0.083087	0.092672	54417900	293030000
4/1/18	0.088964	0.089699	0.080608	0.084126	18780300	308748000
3/31/18	0.087327	0.092638	0.085944	0.088836	23442900	303067000
3/30/18	0.087051	0.09228	0.08239	0.087468	26993600	302108000
3/29/18	0.092553	0.093377	0.085256	0.087418	23145300	321205000
3/28/18	0.090718	0.095644	0.090359	0.092621	20092600	314834000
3/27/18	0.092673	0.09502	0.084376	0.08994	25514900	321619000
3/26/18	0.100584	0.101171	0.089842	0.093135	23114300	349075000
3/25/18	0.099676	0.10363	0.096523	0.100548	18242900	345922000
3/24/18	0.10229	0.105803	0.098585	0.100345	34248600	354995000
3/23/18	0.112143	0.112143	0.098131	0.10224	33675600	389192000
3/22/18	0.116042	0.118341	0.106831	0.112253	24804000	402722000
3/21/18	0.118454	0.121921	0.113026	0.115525	46309400	411094000
3/20/18	0.118516	0.123466	0.108117	0.117656	66417000	411309000
3/19/18	0.107527	0.121694	0.105881	0.121694	160384000	373172000
3/18/18	0.092309	0.103322	0.077493	0.10109	58944900	320356000
3/17/18	0.106185	0.106291	0.090927	0.093084	16011900	368513000
3/16/18	0.111384	0.112093	0.104721	0.106736	14719300	386555000
3/15/18	0.120545	0.121297	0.102421	0.110925	41428000	418349000
3/14/18	0.134556	0.139186	0.120553	0.120605	23185400	466973000
3/13/18	0.1359	0.138128	0.131815	0.134919	14260400	471639000
3/12/18	0.141136	0.14535	0.134535	0.136113	27519500	489810000
3/11/18	0.137507	0.143728	0.132887	0.14029	28504900	477217000
3/10/18	0.149215	0.15121	0.135548	0.137373	24100200	517848000
3/9/18	0.154292	0.156007	0.133015	0.146273	54375800	535467000
3/8/18	0.162314	0.165292	0.152382	0.152725	31578600	563307000
3/7/18	0.175853	0.179107	0.156325	0.160731	51239800	610295000
3/6/18	0.173985	0.187931	0.17098	0.175295	63684800	603814000
3/5/18	0.161658	0.192045	0.158174	0.173595	102292000	561031000
3/4/18	0.160189	0.163921	0.155781	0.161383	17081700	555934000
3/3/18	0.153883	0.167162	0.152851	0.16059	30786600	534050000
3/2/18	0.160931	0.163871	0.15172	0.154255	19425500	558510000
3/1/18	0.16268	0.162761	0.153079	0.161272	25047900	564577000
2/28/18	0.173408	0.175821	0.16312	0.163217	13699900	601810000
2/27/18	0.179381	0.179381	0.173119	0.173959	14177200	622540000
2/26/18	0.179635	0.181359	0.170519	0.1795	22685900	623420000
2/25/18	0.177579	0.185221	0.16914	0.179485	26892300	616287000
2/24/18	0.189559	0.192059	0.175279	0.178275	22222900	657860000
2/23/18	0.182215	0.193105	0.175291	0.190436	39778700	632374000
2/22/18	0.198937	0.202181	0.180136	0.183106	38322700	690407000
2/21/18	0.208872	0.213451	0.196469	0.199553	44810400	724887000
2/20/18	0.221248	0.221809	0.208628	0.208893	42156400	767838000
2/19/18	0.215004	0.2261	0.215004	0.221308	44855000	746167000
2/18/18	0.23117	0.232895	0.213049	0.215092	54670500	802272000
2/17/18	0.228786	0.236881	0.226657	0.232407	88095800	793998000
2/16/18	0.230679	0.234109	0.22365	0.229475	40364600	800568000
2/15/18	0.225257	0.235152	0.222047	0.231332	71211300	781750000
2/14/18	0.216717	0.228469	0.215248	0.227625	69249000	752114000
2/13/18	0.222161	0.224918	0.209692	0.217987	49010600	771007000
2/12/18	0.216685	0.227099	0.216685	0.223252	67064100	752002000
2/11/18	0.239847	0.239847	0.212281	0.215777	125599000	832386000
2/10/18	0.233655	0.273428	0.22847	0.239861	426190000	810896000
2/9/18	0.215837	0.238017	0.209005	0.236436	185057000	749058000
2/8/18	0.212081	0.224914	0.209619	0.218068	182811000	736024000
2/7/18	0.216484	0.230345	0.206443	0.210042	404232000	751305000
2/6/18	0.19432	0.226754	0.156099	0.216927	1238910000	674384000
2/5/18	0.215399	0.231057	0.182467	0.192718	488362000	747539000
2/4/18	0.197918	0.264063	0.197918	0.20665	945678000	686871000
2/3/18	0.176286	0.218405	0.148198	0.202319	590580000	611797000
2/2/18	0.199714	0.199714	0.128534	0.174018	504029000	693105000
2/1/18	0.239904	0.246931	0.197315	0.201199	162954000	832583000
1/31/18	0.241985	0.262154	0.207862	0.242176	240145000	839805000
1/30/18	0.291363	0.291585	0.240539	0.244291	96581000	1011170000
1/29/18	0.310415	0.310415	0.289516	0.290647	71443600	1077290000
1/28/18	0.289018	0.312701	0.288851	0.311429	88662700	1003030000
1/27/18	0.288022	0.2957	0.278865	0.287746	80416900	999577000
1/26/18	0.298918	0.309564	0.266295	0.289051	212218000	1037390000
1/25/18	0.288959	0.322809	0.288959	0.300675	250475000	1002830000
1/24/18	0.274615	0.302176	0.267566	0.286209	214103000	953049000
1/23/18	0.276894	0.28828	0.258266	0.275358	174282000	960955000
1/22/18	0.287541	0.308485	0.253284	0.276207	397448000	997907000
1/21/18	0.344238	0.344238	0.280777	0.285802	364372000	1194670000
1/20/18	0.335255	0.359644	0.324361	0.344864	322499000	1163500000
1/19/18	0.325208	0.34576	0.302994	0.333297	390835000	1128630000
1/18/18	0.315015	0.366973	0.298436	0.328757	1082560000	1093250000
1/17/18	0.3152	0.337217	0.222851	0.313013	1693220000	1093900000
1/16/18	0.417221	0.417221	0.247611	0.314782	1226320000	1447960000
1/15/18	0.433019	0.460918	0.41582	0.41582	602501000	1502780000
1/14/18	0.477068	0.477068	0.406662	0.434181	27841500	1655660000
1/13/18	0.468679	0.508537	0.454791	0.478774	69388100	1626540000
1/12/18	0.388	0.461938	0.368323	0.45572	56833900	1346550000
1/11/18	0.40147	0.426219	0.296629	0.387876	73311500	1393300000
1/10/18	0.434928	0.434928	0.352576	0.404646	72705600	1509410000
1/9/18	0.470436	0.488145	0.420942	0.432166	62261600	1632640000
1/8/18	0.525523	0.525523	0.417209	0.467121	83150200	1823820000
1/7/18	0.525844	0.58201	0.498793	0.529438	101042000	1824930000
1/6/18	0.494368	0.531425	0.455094	0.527821	93250500	1715690000
1/5/18	0.539346	0.592207	0.471851	0.500948	165755000	1871790000
1/4/18	0.65374	0.675945	0.517209	0.521857	230243000	2268800000
1/3/18	0.314431	0.675779	0.314431	0.665023	594459000	1091230000
1/2/18	0.257715	0.324791	0.248276	0.31733	126276000	894397000
1/1/18	0.244548	0.298031	0.237418	0.255234	148184000	848701000
12/31/17	0.156639	0.23453	0.155628	0.224669	69855800	543612000
12/30/17	0.166939	0.179945	0.14898	0.158488	51062900	579361000
12/29/17	0.146214	0.177727	0.145973	0.169577	48170200	507433000
12/28/17	0.154496	0.154496	0.131968	0.145046	28484400	536175000
12/27/17	0.140176	0.167829	0.13537	0.157495	60464100	486480000
12/26/17	0.141902	0.144642	0.133395	0.139532	25278200	492468000
12/25/17	0.140301	0.145707	0.129764	0.141716	25580000	486913000
12/24/17	0.146348	0.146348	0.122442	0.139564	16645600	507898000
12/23/17	0.142776	0.157339	0.136804	0.145725	19481000	495501000
12/22/17	0.178541	0.180141	0.104723	0.139998	34209900	619624000
12/21/17	0.186045	0.197555	0.169158	0.178546	30463400	645668000
12/20/17	0.209063	0.212079	0.165274	0.187443	45051500	725549000
12/19/17	0.177677	0.221405	0.175661	0.200635	52049700	616624000
12/18/17	0.167856	0.178796	0.164151	0.176968	36666100	582542000
12/17/17	0.119289	0.195791	0.115233	0.165482	128434000	413990000
12/16/17	0.072162	0.125745	0.072162	0.121985	83148700	250436000
12/15/17	0.076486	0.076486	0.064838	0.072295	20971500	265443000
12/14/17	0.062589	0.07762	0.062035	0.075456	30173000	217215000
12/13/17	0.063927	0.067685	0.05833	0.062666	17604700	221857000
12/12/17	0.063384	0.064576	0.058488	0.063635	18127000	219975000
12/11/17	0.055131	0.062953	0.055131	0.062898	22472600	191331000
12/10/17	0.059381	0.059381	0.045493	0.052374	15046900	206080000
12/9/17	0.063138	0.066246	0.057574	0.059394	13767400	219119000
12/8/17	0.055793	0.065482	0.049758	0.063043	22371700	193628000
12/7/17	0.065601	0.066549	0.055451	0.055791	18380600	227665000
12/6/17	0.072235	0.07398	0.063621	0.065809	20846600	250691000
12/5/17	0.076318	0.076318	0.071055	0.072761	17193400	264861000
12/4/17	0.074413	0.079118	0.069998	0.076227	20127500	258248000
12/3/17	0.075054	0.07968	0.070827	0.074194	24985300	260475000
12/2/17	0.066502	0.079028	0.066502	0.075293	49889500	230794000
12/1/17	0.049179	0.068213	0.048491	0.067138	22086700	170675000
11/30/17	0.045642	0.054911	0.04516	0.04949	19484400	158401000
11/29/17	0.053928	0.074753	0.042654	0.043419	50373800	187156000
11/28/17	0.039328	0.053713	0.036552	0.053713	11868900	136487000
11/27/17	0.036021	0.040256	0.03581	0.039327	7607620	125010000
11/26/17	0.035256	0.037348	0.03302	0.03601	4167220	122355000
11/25/17	0.03159	0.035323	0.031289	0.035323	2780840	109632000
11/24/17	0.03177	0.032799	0.029204	0.031571	3649790	110257000
11/23/17	0.03548	0.036236	0.031725	0.031725	3272790	123134000
11/22/17	0.035109	0.03921	0.032842	0.035135	6115370	121845000
11/21/17	0.033935	0.037379	0.030649	0.035053	6707380	117770000
11/20/17	0.028768	0.034496	0.028486	0.034065	6326260	99840100
11/19/17	0.028817	0.029672	0.028356	0.028774	1966110	100009000
11/18/17	0.0276	0.029278	0.027587	0.028896	2630650	95786700
11/17/17	0.028685	0.028685	0.027414	0.027737	2033730	99550000
11/16/17	0.030009	0.030853	0.027754	0.028752	3161400	104144000
11/15/17	0.028286	0.030313	0.028286	0.029994	2911890	98166500
11/14/17	0.028177	0.028591	0.02719	0.028262	1993910	97788900
11/13/17	0.026348	0.028338	0.025727	0.028095	1907080	91440500
11/12/17	0.028631	0.028804	0.024861	0.026124	3201060	99363500
11/11/17	0.029264	0.030503	0.028369	0.02873	2102750	101560000
11/10/17	0.032878	0.033384	0.02902	0.029462	2646500	114101000
11/9/17	0.03175	0.035668	0.031485	0.032822	3237960	110189000
11/8/17	0.030055	0.032597	0.029621	0.031712	2875290	104304000
11/7/17	0.029303	0.030821	0.029145	0.030111	2258890	101696000
11/6/17	0.031127	0.031212	0.029197	0.029197	2313630	108025000
11/5/17	0.031288	0.032246	0.030819	0.03106	2305140	108584000
11/4/17	0.030283	0.032085	0.029976	0.031048	2622370	105098000
11/3/17	0.032412	0.033565	0.02964	0.030324	4693610	112486000
11/2/17	0.043022	0.043372	0.031085	0.032605	8275120	149307000
11/1/17	0.040426	0.045774	0.039679	0.042265	7462620	140297000
10/31/17	0.037788	0.041939	0.037685	0.040273	4344070	131143000
10/30/17	0.037647	0.038575	0.036098	0.037637	2666950	130654000
10/29/17	0.036921	0.038941	0.034615	0.037485	4638100	128135000
10/28/17	0.03412	0.040257	0.033647	0.036815	5564870	118413000
10/27/17	0.029697	0.035528	0.029697	0.033832	4504730	103061000
10/26/17	0.028444	0.029689	0.027967	0.029673	2524840	98716000
10/25/17	0.026684	0.028417	0.025413	0.028362	2677510	92605500
10/24/17	0.025219	0.028666	0.024092	0.026817	2305600	87521100
10/23/17	0.025612	0.026747	0.023301	0.025327	1781260	88884800
10/22/17	0.025894	0.026583	0.024905	0.025774	1432060	89863300
10/21/17	0.026775	0.02682	0.024857	0.025799	1511950	92920800
10/20/17	0.027438	0.027918	0.026446	0.026795	1425160	95224700
10/19/17	0.028833	0.029112	0.026562	0.027402	2075060	100063000
10/18/17	0.027116	0.028935	0.025202	0.028819	1658160	94105900
10/17/17	0.028851	0.02908	0.026917	0.027146	1521100	100126000
10/16/17	0.029494	0.029789	0.027441	0.028829	2145970	102358000
10/15/17	0.026445	0.029673	0.024033	0.029382	1748810	91777400
10/14/17	0.024932	0.027287	0.024622	0.026617	1030100	86525100
10/13/17	0.026133	0.026884	0.024321	0.024997	1702500	90693500
10/12/17	0.026496	0.028187	0.025269	0.026112	2200490	91952300
10/11/17	0.023372	0.0267	0.023293	0.026457	1307350	81112200
10/10/17	0.022901	0.02886	0.022054	0.023348	1741170	79477600
10/9/17	0.024785	0.024816	0.02209	0.02297	1822000	86015200
10/8/17	0.027265	0.027417	0.023576	0.024731	1529830	94621600
10/7/17	0.028265	0.029151	0.026901	0.027238	1041620	98091700
10/6/17	0.027366	0.028737	0.027366	0.028313	1178510	94972600
10/5/17	0.027318	0.027944	0.026278	0.027321	1362430	94808200
10/4/17	0.027359	0.028062	0.026588	0.027554	1452180	94950300
10/3/17	0.030258	0.031116	0.026206	0.027222	1966990	105011000
10/2/17	0.031491	0.031589	0.029114	0.029902	2272790	109290000
10/1/17	0.030651	0.032855	0.029993	0.031567	2076910	106372000
9/30/17	0.027612	0.030873	0.027608	0.030619	1101880	95828300
9/29/17	0.02876	0.029208	0.026319	0.027514	1392230	99810600
9/28/17	0.029306	0.030202	0.027878	0.028793	2452520	101707000
9/27/17	0.027341	0.031716	0.027139	0.029112	6734420	94886100
9/26/17	0.023438	0.027928	0.023342	0.027296	3457510	81342300
9/25/17	0.021839	0.023584	0.021687	0.023343	781467	75790400
9/24/17	0.022445	0.022763	0.021711	0.021889	826610	77894600
9/23/17	0.021333	0.022855	0.021094	0.022487	869073	74034500
9/22/17	0.021156	0.022058	0.020542	0.021342	1173930	73421300
9/21/17	0.023768	0.024468	0.020821	0.021265	1304980	82485300
9/20/17	0.024214	0.024908	0.023272	0.023876	1865680	84035200
9/19/17	0.029177	0.029177	0.023694	0.024189	2937340	101259000
9/18/17	0.021719	0.029292	0.021719	0.029292	3417560	75375300
9/17/17	0.021466	0.022337	0.020087	0.021799	1746130	74497500
9/16/17	0.021943	0.022606	0.019901	0.021437	1879180	76154300
9/15/17	0.019859	0.022864	0.016075	0.021755	2521070	68920100
9/14/17	0.026384	0.026983	0.019745	0.01979	1721860	91564300
9/13/17	0.028405	0.028545	0.024557	0.026371	1880030	98578700
9/12/17	0.028675	0.03076	0.027502	0.028436	2734640	99517800
9/11/17	0.02936	0.030101	0.028196	0.028615	2069680	101895000
9/10/17	0.030791	0.031601	0.027488	0.02941	2373310	106860000
9/9/17	0.030888	0.031715	0.029218	0.031109	2524890	107197000
9/8/17	0.037649	0.037649	0.028983	0.030796	4653740	130661000
9/7/17	0.039948	0.040021	0.035976	0.037892	5490620	138638000
9/6/17	0.031045	0.04175	0.028647	0.040333	9953750	107741000
9/5/17	0.029908	0.031869	0.025217	0.031053	5825530	103796000
9/4/17	0.039594	0.039594	0.027089	0.029523	9710210	137412000
9/3/17	0.041243	0.041978	0.036952	0.039323	6755000	143132000
9/2/17	0.047577	0.047675	0.040137	0.041257	8260080	165116000
9/1/17	0.048009	0.048507	0.046649	0.047526	7175300	166616000
8/31/17	0.047192	0.049791	0.045627	0.048105	7463400	163779000
8/30/17	0.049473	0.049827	0.042816	0.046585	9555330	171696000
8/29/17	0.048965	0.052672	0.048639	0.049473	10873400	169930000
8/28/17	0.051619	0.051891	0.047593	0.048966	7486210	179144000
8/27/17	0.05047	0.051533	0.049893	0.051373	6815440	175157000
8/26/17	0.050976	0.051474	0.049837	0.050515	5512320	176911000
8/25/17	0.052722	0.052963	0.05025	0.050952	5922650	182970000
8/24/17	0.051287	0.053213	0.049911	0.05274	8706810	177990000
8/23/17	0.049952	0.053124	0.049889	0.051593	8995140	173357000
8/22/17	0.051049	0.051142	0.046337	0.050045	5745640	177165000
8/21/17	0.054946	0.055899	0.05001	0.051012	9409920	190691000
8/20/17	0.054544	0.055908	0.052646	0.055248	6738530	189293000
8/19/17	0.054679	0.057561	0.048092	0.055106	12062400	189763000
8/18/17	0.06094	0.061991	0.053693	0.054755	13896200	211490000
8/17/17	0.059896	0.069432	0.05641	0.061191	22798200	207867000
8/16/17	0.060768	0.06311	0.059068	0.059871	11186700	210895000
8/15/17	0.061641	0.063317	0.056849	0.060837	19850100	213925000
8/14/17	0.0639	0.065662	0.059116	0.061587	23224100	221765000
8/13/17	0.068297	0.068297	0.062305	0.06395	21679300	237025000
8/12/17	0.078238	0.078238	0.067853	0.068535	24574100	271523000
8/11/17	0.065453	0.080925	0.064439	0.078307	58822600	227154000
8/10/17	0.06508	0.071656	0.063417	0.065596	27412400	225861000
8/9/17	0.072422	0.072753	0.064506	0.065306	18237500	251340000
8/8/17	0.070957	0.0796	0.069076	0.072467	35787700	246253000
8/7/17	0.061685	0.075956	0.060547	0.071303	40894300	214078000
8/6/17	0.065791	0.067813	0.061447	0.061829	24237700	228325000
8/5/17	0.056931	0.07118	0.055491	0.065476	37828900	197577000
8/4/17	0.056059	0.058469	0.055694	0.057082	16038900	194551000
8/3/17	0.054567	0.056025	0.052421	0.055674	15695800	189374000
8/2/17	0.055131	0.056956	0.053739	0.054504	15754800	191330000
8/1/17	0.05429	0.057061	0.05017	0.055008	23845300	188414000
7/31/17	0.050636	0.057316	0.049297	0.054071	17412400	175730000
7/30/17	0.053873	0.053976	0.050227	0.050664	8438260	186966000
7/29/17	0.054089	0.054566	0.048771	0.053186	17077400	187715000
7/28/17	0.058944	0.059565	0.053043	0.054009	17827200	204562000
7/27/17	0.059606	0.060955	0.056349	0.058897	27039600	206861000
7/26/17	0.058995	0.063107	0.051011	0.059232	51832700	204742000
7/25/17	0.076343	0.077533	0.054538	0.059236	52165600	264948000
7/24/17	0.084091	0.086962	0.073987	0.076513	48405700	291837000
7/23/17	0.084	0.104052	0.071342	0.084381	159816000	291519000
7/22/17	0.038315	0.082812	0.038116	0.082812	38566700	132973000
7/21/17	0.030026	0.043083	0.029853	0.038317	11944800	104205000
7/20/17	0.026624	0.030268	0.026509	0.029943	3753830	92396800
7/19/17	0.029033	0.030413	0.026156	0.026746	4366050	100759000
7/18/17	0.026193	0.031742	0.024709	0.028838	5126630	90900700
7/17/17	0.023576	0.026497	0.023576	0.026026	3764400	81819800
7/16/17	0.023541	0.024538	0.022307	0.023595	2339710	81697900
7/15/17	0.025589	0.025589	0.023127	0.023673	2668550	88807400
7/14/17	0.028232	0.028247	0.024148	0.025411	3055070	97978500
7/13/17	0.031128	0.032033	0.026461	0.028235	5187090	108029000
7/12/17	0.025169	0.032169	0.023227	0.030881	5178400	87349600
7/11/17	0.030705	0.030705	0.021993	0.025183	7617130	106561000
7/10/17	0.0406	0.0406	0.0272	0.03143	6133140	140900000
7/9/17	0.044378	0.045597	0.040175	0.040234	3429300	154011000
7/8/17	0.044119	0.045139	0.038215	0.04421	6282280	153115000
7/7/17	0.050378	0.051087	0.044132	0.044199	7012400	174837000
7/6/17	0.050413	0.055571	0.048901	0.050457	10173100	174958000
7/5/17	0.056993	0.056993	0.047857	0.050488	11487700	197793000
7/4/17	0.056436	0.065927	0.053898	0.056563	18958100	195860000
7/3/17	0.042716	0.067854	0.042716	0.056668	28853300	148245000
7/2/17	0.043919	0.044084	0.040498	0.042308	7502210	152419000
7/1/17	0.044377	0.049657	0.041178	0.043922	10307200	154009000
6/30/17	0.051847	0.053179	0.042477	0.044256	10133300	179935000
6/29/17	0.055975	0.061866	0.050574	0.051921	18083200	194259000
6/28/17	0.061775	0.061775	0.05615	0.05615	13747700	-